528
59
626
44
501
886
318
613
735
713
96
920
119
17
486
512
920
497
663
603
471
126
624
938
171
70
753
112
988
918
306
618
187
801
126
571
981
663
392
905
140
425
192
989
562
804
160
572
200
149
697
809
647
933
577
395
103
338
739
357
420
126
496
562
497
604
520
348
339
118
866
336
655
200
655
298
517
367
78
906
976
442
729
510
52
222
339
83
411
263
270
315
320
84
328
282
317
328
322
117
466
914
27
695
932
543
355
53
354
987
538
765
171
580
812
495
871
275
283
532
62
237
47
667
469
67
579
190
786
822
827
92
947
346
99
260
174
644
698
263
347
344
593
964
416
248
915
253
512
827
33
126
846
928
28
801
693
782
164
830
127
530
436
850
333
123
485
553
480
319
181
344
722
651
993
491
887
367
209
404
484
508
765
575
200
618
182
610
586
291
569
314
249
878
127
761
243
119
865
901
123
996
432
852
861
916
668
815
841
286
222
78
162
91
970
192
88
675
164
135
902
703
703
288
518
865
98
350
129
227
409
603
598
501
809
754
1000
548
7
584
625
776
195
684
320
129
170
419
978
955
628
585
507
937
902
6
33
294
420
337
223
972
849
209
113
256
630
358
772
773
97
540
699
996
791
205
393
683
322
803
730
404
630
704
479
873
511
573
120
7
328
55
380
862
436
364
394
461
991
831
981
173
907
664
305
160
31
820
224
875
246
52
888
221
392
604
716
234
729
503
505
625
421
992
71
779
54
424
729
111
571
304
739
790
528
205
931
872
446
418
899
480
68
59
951
664
298
685
599
55
213
441
279
339
701
176
261
83
375
327
944
11
453
940
61
409
938
1000
780
565
119
892
608
241
416
976
269
339
491
998
130
756
884
14
923
151
68
43
900
372
52
459
185
706
160
879
687
825
581
519
965
541
437
57
420
100
847
897
717
961
863
553
326
612
938
48
672
530
314
389
434
510
418
754
127
498
924
404
69
622
34
996
652
458
435
412
314
770
671
889
121
715
577
834
233
738
114
140
277
205
930
596
902
424
805
60
48
998
527
463
621
68
910
696
845
144
8
143
422
662
661
840
51
656
851
830
77
562
668
240
801
106
95
712
389
576
444
326
803
973
642
967
329
670
264
858
833
78
242
687
770
346
93
462
612
912
767
825
139
784
273
972
500
304
768
259
874
378
942
565
731
686
862
166
596
89
72
668
436
593
817
564
644
529
943
598
144
370
111
43
900
710
481
823
723
601
376
773
670
192
675
954
88
735
663
599
108
469
87
862
624
458
8
708
556
441
194
299
552
787
286
404
608
340
614
190
97
286
216
5
26
886
965
289
692
696
855
245
621
325
296
154
997
952
831
702
246
679
905
397
184
156
507
213
673
111
100
709
477
254
558
127
951
32
843
144
971
670
1
590
196
300
525
269
952
771
521
350
902
427
794
755
998
771
907
171
683
812
80
622
531
685
670
964
43
997
490
898
116
79
429
973
874
657
566
111
259
351
549
779
852
719
413
635
850
147
348
845
174
719
76
818
920
987
731
386
18
123
416
815
997
185
726
52
708
151
971
163
507
850
113
670
313
716
606
594
528
795
159
602
156
797
297
396
346
868
266
748
738
818
216
397
360
933
386
438
230
514
509
651
923
242
701
148
453
851
934
684
339
313
999
799
75
142
679
860
233
412
186
676
402
486
38
863
681
678
176
870
83
790
464
968
38
547
574
703
392
76
714
577
14
64
250
7
846
309
675
127
874
852
692
785
703
975
85
89
448
792
822
995
385
531
22
389
527
341
327
761
146
751
368
375
275
739
180
189
930
457
463
164
209
182
529
532
1000
861
818
786
515
623
581
796
565
274
172
470
428
636
188
791
303
851
424
467
763
116
326
494
574
214
491
886
785
306
380
702
793
502
325
185
169
932
40
427
452
916
351
405
243
955
713
466
608
582
477
872
8
832
766
980
779
292
286
971
998
239
159
765
232
948
42
871
936
550
444
362
832
719
155
205
191
879
860
472
325
691
79
12
464
750
957
607
422
463
617
292
968
294
185
567
474
878
666
807
31
736
486
936
76
458
20
850
722
328
774
882
523
516
54
791
862
159
946
140
230
986
623
535
692
518
734
659
629
59
167
109
582
674
69
155
612
807
261
494
444
780
439
714
486
345
693
290
774
922
518
705
960
812
958
635
899
536
232
173
48
686
221
509
932
865
21
174
406
551
684
551
110
256
986
855
484
112
256
261
792
575
490
238
286
715
457
244
253
881
769
791
756
797
279
39
93
309
140
339
8
713
268
236
59
754
698
19
501
546
470
30
834
533
912
603
340
331
733
280
389
696
63
947
124
477
105
589
525
902
557
823
196
907
104
252
690
81
720
356
398
330
434
524
15
753
881
269
722
398
569
420
892
758
900
905
768
272
444
339
609
341
980
304
251
844
690
999
283
145
385
932
250
337
584
895
318
670
432
828
477
401
871
464
227
726
790
477
441
590
806
31
918
890
508
435
251
929
932
235
471
342
392
721
445
219
758
336
428
153
702
334
692
808
75
524
944
1
272
804
490
42
453
709
812
547
70
298
412
966
15
455
464
923
477
936
622
672
259
439
257
207
29
163
756
550
967
926
369
642
451
120
758
391
344
881
379
285
900
420
485
643
47
514
145
872
618
744
929
554
918
765
65
285
137
996
491
40
537
406
196
681
647
965
843
32
148
358
379
117
866
909
733
532
314
660
793
465
586
829
610
664
191
90
731
7
10
397
468
514
98
569
172
486
239
306
675
646
617
397
728
124
156
342
475
188
105
664
801
990
999
706
309
983
28
976
84
231
235
393
771
235
454
562
498
157
911
908
698
944
310
489
353
735
17
231
406
699
282
544
48
839
435
152
28
572
862
209
426
690
442
998
698
144
931
792
439
823
454
584
90
806
87
506
995
885
126
820
18
886
812
104
516
785
669
730
468
985
617
560
683
2
708
146
19
101
674
918
7
165
497
711
890
313
106
988
544
108
291
882
871
383
399
848
407
127
808
957
795
532
206
142
778
174
332
511
336
419
105
4
575
526
349
718
202
355
593
294
72
926
433
531
95
182
738
937
892
690
495
148
569
54
804
169
843
970
649
627
490
1000
552
377
231
804
396
980
390
52
399
149
890
940
385
948
860
171
378
52
655
139
774
594
238
998
956
75
203
359
727
614
36
987
37
403
743
479
153
725
63
427
656
661
841
818
268
152
428
709
293
637
288
177
692
62
404
71
472
415
648
812
186
286
802
482
229
901
492
161
670
27
949
888
256
609
843
319
375
529
398
510
434
202
877
106
824
214
258
848
344
863
226
73
271
393
427
783
221
937
10
450
53
914
201
597
2
647
160
27
466
734
705
256
403
931
657
952
869
147
791
369
324
813
514
212
375
641
56
641
708
635
350
446
790
44
1000
954
868
888
140
141
6
32
83
131
446
641
437
108
741
362
85
571
881
253
408
581
612
881
970
310
52
342
755
960
618
143
500
876
739
950
307
35
656
613
529
681
184
499
54
505
991
184
638
890
843
581
983
633
793
420
715
606
515
164
379
785
762
475
937
145
921
93
608
486
586
342
429
72
289
46
870
712
287
868
484
836
390
771
133
921
171
922
950
943
899
935
567
337
61
348
368
772
705
853
976
588
366
67
952
206
916
619
199
341
278
202
323
29
164
69
543
566
524
211
482
121
845
560
524
817
431
676
13
842
867
162
491
865
114
565
554
421
396
464
473
845
217
537
270
854
990
689
38
528
552
957
313
300
41
589
771
305
228
646
440
85
333
643
821
353
141
522
523
197
338
702
681
208
885
444
148
423
56
189
626
790
904
19
332
880
229
695
887
679
404
342
169
346
328
660
907
182
899
206
719
959
268
318
222
815
783
65
963
358
885
508
816
962
404
503
493
229
790
455
306
756
706
867
768
267
539
607
132
966
696
409
451
724
453
477
307
360
292
448
480
895
350
49
597
986
157
124
679
538
781
343
598
140
238
356
937
291
88
411
854
298
923
499
849
827
119
750
883
995
514
650
83
347
409
837
640
807
914
171
233
379
267
700
840
712
76
706
556
717
657
702
447
592
395
499
280
977
943
566
615
900
71
895
563
182
467
77
565
388
823
283
189
18
1000
10
403
347
595
501
472
744
37
679
212
240
285
911
962
202
924
547
898
289
841
847
175
782
575
646
880
446
663
600
722
516
387
728
380
792
994
116
793
770
955
289
951
100
960
109
526
122
616
375
91
241
54
887
924
193
575
518
2
704
355
627
336
500
437
16
671
296
309
830
403
735
52
360
892
171
35
294
110
400
275
347
65
49
45
9
93
148
430
903
378
123
656
740
501
29
330
994
180
778
826
266
52
582
159
857
485
493
835
342
566
241
75
859
436
416
914
673
515
154
640
794
342
447
446
557
989
31
163
631
805
883
898
91
254
893
759
67
688
416
787
921
110
832
499
277
291
974
109
633
865
739
12
539
302
60
450
82
327
649
190
592
943
391
628
20
230
160
20
604
978
572
279
97
366
528
818
951
423
738
276
853
61
977
386
723
818
177
346
866
577
282
89
418
383
633
944
902
328
827
309
292
162
281
623
740
253
80
387
729
382
42
870
99
592
905
4
777
806
24
795
559
256
599
971
830
45
797
24
590
621
331
850
730
735
296
436
498
658
78
611
448
551
110
762
818
660
885
582
370
401
533
496
768
185
661
541
581
69
237
610
307
575
96
156
81
534
262
819
414
425
294
802
581
559
518
343
90
183
674
237
27
188
360
188
999
760
314
609
211
248
561
779
845
1000
320
953
537
183
851
722
400
898
630
909
768
980
176
287
941
73
754
762
739
642
828
235
458
716
161
173
587
532
657
679
641
820
108
654
929
844
159
869
334
503
914
201
715
747
564
44
351
120
418
88
625
565
685
622
33
426
367
359
791
824
160
724
285
795
143
439
104
470
509
987
192
953
165
635
681
829
727
169
868
576
925
158
613
691
911
337
341
91
748
89
170
390
330
205
300
807
176
866
904
849
295
220
324
986
859
484
756
851
736
28
421
651
722
247
141
700
959
897
699
498
47
900
70
814
671
387
858
732
32
565
36
391
34
554
47
722
366
710
662
605
98
542
479
920
388
346
385
268
860
833
9
22
374
341
902
502
473
249
735
164
854
512
591
625
974
970
572
344
593
942
131
602
333
636
435
820
93
101
349
731
421
610
223
778
846
656
68
320
856
297
348
555
549
905
829
805
634
161
460
917
711
765
329
174
882
501
980
391
621
592
619
677
681
570
314
735
811
15
825
977
561
690
288
947
794
823
602
356
233
592
40
965
918
190
232
910
285
699
581
884
196
298
843
474
292
244
948
646
89
988
805
120
801
119
176
811
699
505
943
859
153
274
88
294
831
301
776
786
490
840
716
590
523
324
405
465
144
755
10
591
968
886
261
16
174
9
693
776
707
172
314
870
636
246
688
569
163
899
447
202
996
919
832
906
851
790
117
91
710
387
864
329
95
551
132
618
979
373
228
2
333
79
772
757
982
22
994
496
157
894
563
23
726
906
450
360
36
338
648
659
978
24
478
515
803
855
475
661
826
30
560
855
142
467
95
664
595
473
548
693
279
172
867
103
351
329
160
733
509
827
191
495
638
37
202
286
926
301
602
947
808
606
555
670
258
41
83
333
258
18
103
434
423
987
779
53
706
328
527
561
503
798
732
927
44
858
805
603
343
556
304
704
652
101
89
712
876
738
737
942
323
663
560
651
955
778
839
402
556
360
420
606
783
230
613
334
463
620
858
750
69
487
824
616
379
818
314
51
52
558
777
772
128
35
681
241
523
677
68
436
535
266
932
600
552
894
891
565
387
300
283
992
173
497
541
259
572
943
708
678
703
335
300
601
177
186
308
528
995
381
242
571
916
424
377
137
111
755
728
378
969
844
84
978
753
911
974
118
183
61
170
836
186
817
899
297
527
120
670
352
6
801
768
240
636
570
340
313
861
14
592
114
64
759
941
644
443
522
860
779
289
136
364
711
715
330
213
995
639
615
114
514
563
533
992
995
851
933
583
351
470
48
924
453
155
621
601
160
879
633
998
601
709
864
203
631
89
107
298
65
311
910
270
106
933
172
176
755
547
136
993
955
826
286
27
418
366
292
937
603
460
610
160
782
529
580
941
697
894
196
34
594
129
507
235
424
329
460
967
653
688
733
242
74
250
122
823
988
215
256
883
288
776
210
139
62
615
194
262
278
866
543
48
596
758
980
784
788
722
412
982
487
421
179
456
880
604
487
740
1
835
868
131
367
141
907
784
478
500
977
697
661
626
811
706
36
16
107
384
844
128
751
508
915
419
796
409
651
284
518
853
403
683
641
233
816
29
340
833
254
343
300
853
808
603
954
704
494
981
658
547
493
178
609
776
134
133
856
369
413
137
461
655
40
591
446
369
29
519
513
430
583
943
121
884
486
935
637
37
520
799
271
522
425
561
258
19
980
924
886
876
260
855
769
988
848
953
630
293
357
444
229
955
105
641
619
117
109
912
359
47
771
656
348
625
19
329
507
485
349
553
682
86
890
836
729
537
758
116
798
82
152
170
836
542
481
669
42
174
624
51
395
809
304
988
354
405
155
480
159
15
138
127
786
556
835
963
403
290
633
378
724
253
877
285
565
311
786
167
704
946
183
857
266
496
341
249
310
695
721
751
58
838
794
544
163
712
402
443
712
845
97
130
868
829
516
769
198
438
575
603
704
421
919
740
511
929
680
975
823
258
225
923
727
861
773
462
888
471
62
415
137
271
502
404
520
714
66
839
44
8
559
631
78
123
213
375
901
788
358
617
275
828
366
502
934
800
749
583
652
287
738
724
583
966
10
663
638
275
233
235
475
812
702
593
991
177
788
181
880
561
148
928
853
63
345
143
137
79
165
558
306
389
418
147
468
606
147
698
301
658
728
896
120
159
644
546
403
7
456
380
417
165
911
565
596
863
125
295
922
936
534
392
541
126
573
858
3
5
942
212
987
365
829
564
981
380
856
710
145
152
18
752
705
29
134
752
220
360
256
462
926
297
575
697
137
650
864
417
845
747
491
897
414
635
170
178
22
294
564
656
269
463
175
494
864
248
993
654
437
142
455
659
304
864
250
966
484
411
969
190
197
893
799
81
169
108
722
579
549
656
554
944
559
918
415
394
833
557
374
760
921
981
516
863
262
473
615
541
992
339
446
28
366
674
851
536
560
431
500
457
764
43
19
816
49
715
252
126
542
399
404
767
942
143
235
223
507
319
737
99
296
438
758
387
360
113
299
202
326
463
965
893
682
942
833
902
768
237
783
24
60
354
180
599
119
706
333
595
334
954
46
81
923
42
730
58
907
451
832
31
784
508
524
561
212
504
481
977
494
836
147
595
557
987
256
132
193
401
470
317
836
426
229
653
271
760
873
823
43
478
410
710
818
64
833
841
753
881
416
977
335
374
835
626
210
809
420
937
442
672
124
372
152
840
633
981
699
900
220
839
238
502
834
225
476
38
35
809
497
899
935
706
765
45
980
428
315
840
771
293
669
964
474
97
752
518
576
692
107
924
550
327
401
265
901
360
234
709
276
579
533
363
321
22
379
297
105
298
445
293
443
454
696
74
15
13
983
297
518
923
544
857
979
475
689
134
619
192
651
857
606
91
685
486
661
480
723
857
680
606
620
693
29
280
915
325
344
992
177
481
551
479
885
42
6
131
851
290
314
44
664
852
697
294
878
851
170
322
370
775
686
745
418
464
361
568
364
530
633
152
418
406
315
691
711
356
759
387
461
895
196
483
386
439
651
702
429
13
597
503
957
368
239
467
508
471
495
169
717
373
181
97
127
877
917
159
14
798
462
83
276
784
263
222
497
335
421
544
189
864
43
228
469
153
899
453
818
645
332
645
900
106
24
705
638
583
677
147
954
489
99
599
380
18
254
18
749
236
592
240
445
653
972
411
279
451
520
811
996
414
777
865
989
140
947
835
48
684
556
971
983
265
882
593
431
270
289
36
247
634
409
789
30
612
292
812
717
974
843
489
914
756
406
870
73
608
258
790
54
251
469
804
468
727
433
689
6
504
345
535
975
88
605
37
37
638
449
77
428
805
437
686
897
336
722
910
179
818
979
369
944
519
94
732
521
768
749
49
482
692
589
672
92
202
654
752
537
755
237
349
244
25
647
313
157
830
50
734
538
99
83
467
263
784
566
516
8
212
70
65
320
151
572
127
795
541
763
459
340
502
219
220
824
407
862
540
159
355
251
488
100
271
718
70
860
240
63
981
791
894
776
150
242
498
649
454
437
724
4
703
556
591
202
95
703
398
215
466
194
512
841
544
110
107
282
937
257
300
579
935
88
539
907
266
69
747
146
674
948
481
583
570
79
645
418
573
463
182
988
473
948
724
968
69
689
134
54
2
485
993
913
158
783
719
110
777
73
43
559
667
219
346
422
319
529
720
187
573
122
792
9
294
156
145
887
877
679
793
218
462
428
351
521
10
15
332
883
51
731
501
872
226
781
926
321
98
996
847
568
814
692
348
960
261
385
872
437
86
590
875
478
754
986
732
258
36
845
129
532
586
578
306
21
276
529
382
745
900
726
664
520
767
33
129
448
173
520
844
219
238
930
122
482
986
323
392
684
630
395
379
56
310
109
104
784
640
365
888
766
245
118
38
147
419
517
88
274
963
581
626
803
913
63
118
853
925
394
536
171
313
976
793
177
386
916
232
864
598
966
89
805
246
138
742
218
478
473
745
688
733
436
183
173
968
706
234
312
182
222
974
912
56
366
830
554
476
719
380
100
416
235
158
225
913
13
966
209
994
412
82
68
858
487
228
433
736
86
38
509
128
616
825
139
221
383
162
414
172
785
11
341
889
522
451
694
116
775
905
788
108
295
932
646
422
183
42
235
492
7
29
882
9
917
684
269
492
446
18
721
917
586
557
322
503
260
602
466
323
79
56
413
152
973
183
949
652
929
360
323
321
893
671
399
108
690
614
412
411
399
417
717
802
207
256
872
627
121
849
117
102
713
913
356
325
145
681
746
81
67
330
777
901
880
554
957
118
611
448
324
678
24
947
686
867
174
524
30
858
144
153
629
254
353
201
549
357
761
6
335
87
16
966
216
813
4
8
670
430
319
961
303
304
874
228
134
137
341
847
148
128
528
186
420
729
448
96
69
897
155
528
176
319
987
175
75
635
219
323
305
168
464
621
943
603
597
853
495
946
944
108
486
203
440
837
772
470
624
79
3
719
88
957
160
361
510
492
83
193
693
751
518
941
854
543
353
527
287
102
195
663
515
490
368
784
530
613
492
453
533
397
918
600
820
745
709
670
487
111
851
219
554
370
160
815
871
3
108
917
763
759
160
395
643
624
475
774
113
931
356
926
823
933
95
925
874
174
720
208
306
804
769
13
996
1000
993
491
251
33
285
328
59
484
140
215
883
185
677
298
815
326
565
522
863
514
598
138
336
292
901
487
358
873
214
874
982
166
693
629
260
294
899
213
216
796
248
918
228
870
584
415
437
800
617
354
58
944
976
733
845
133
930
853
697
488
201
44
670
426
908
183
297
21
660
473
515
822
734
228
649
273
52
270
793
632
251
964
835
678
496
345
56
629
244
840
917
424
473
619
82
191
865
353
914
487
784
803
135
360
893
272
187
812
704
860
230
30
107
362
949
621
811
787
927
574
222
19
203
365
753
996
631
700
37
644
655
26
882
498
387
17
917
347
393
948
926
313
793
956
527
325
856
698
210
300
29
668
331
872
862
724
849
530
532
549
379
74
881
793
923
188
499
50
481
920
908
53
996
118
665
219
730
361
113
249
455
368
500
728
277
91
311
952
736
949
151
849
55
295
769
845
958
397
64
664
258
862
645
850
419
448
112
116
168
171
498
43
914
509
99
678
943
132
357
36
717
813
245
870
255
659
428
332
143
878
241
18
205
939
77
330
794
339
909
395
576
35
486
274
119
661
623
508
565
159
502
468
36
898
120
717
792
818
201
472
454
919
588
3
620
211
671
921
735
135
765
556
354
297
79
872
308
699
888
887
942
307
86
32
226
928
629
80
972
476
307
293
650
358
614
560
614
991
130
556
43
567
531
881
494
111
800
58
396
295
301
733
522
854
312
27
523
893
867
591
802
428
680
625
698
176
613
104
592
803
336
209
143
992
443
631
770
455
804
34
711
255
519
57
523
151
112
227
383
944
924
784
455
40
498
565
792
351
962
944
254
878
232
963
315
105
34
946
921
279
766
456
273
202
822
332
226
18
452
586
225
412
812
674
715
632
309
657
429
101
361
763
965
290
585
737
100
311
527
958
221
592
894
931
212
468
214
4
583
458
980
243
723
680
330
152
775
67
901
409
989
838
439
203
646
992
186
110
66
761
873
383
838
656
652
939
768
958
857
347
905
803
978
396
937
174
574
88
970
525
475
289
959
371
168
829
217
515
452
886
238
773
770
481
664
62
570
36
736
418
253
68
326
217
404
77
502
268
665
448
114
592
821
115
74
876
80
261
291
668
988
722
252
102
208
116
243
468
203
342
355
574
180
386
110
105
192
722
333
595
122
459
725
159
20
502
730
769
553
655
579
248
875
554
490
337
736
310
109
282
328
494
882
842
669
503
472
84
708
484
512
775
157
105
564
826
364
949
361
371
133
269
651
991
816
150
479
685
175
408
385
649
48
645
987
124
908
617
668
37
953
529
326
485
10
744
733
46
82
266
582
85
891
864
630
397
126
643
294
743
154
802
838
760
922
438
375
674
176
500
762
259
826
774
945
875
301
133
476
586
483
287
370
338
657
970
143
761
129
676
46
808
547
189
461
17
428
241
819
882
51
545
13
846
758
366
876
931
840
543
903
204
45
417
246
84
643
280
132
665
89
744
18
282
573
384
249
500
550
1
56
845
567
881
244
450
206
414
595
18
320
75
366
973
684
966
238
838
374
822
173
139
185
868
750
377
844
91
685
488
973
773
2
815
172
205
358
902
101
879
939
445
245
580
513
347
513
339
786
756
704
140
500
615
80
367
25
217
965
486
195
57
147
630
413
549
979
385
576
538
844
322
220
163
307
201
477
355
284
589
771
876
890
547
664
846
144
428
355
197
478
988
209
365
206
566
186
727
978
839
54
38
804
396
733
86
245
378
307
279
629
191
949
1000
476
171
780
530
348
643
367
548
380
202
553
151
733
542
30
769
428
722
447
832
776
779
424
644
470
134
182
30
480
355
267
733
697
508
987
196
302
742
306
643
822
552
971
390
611
820
666
345
494
760
667
628
585
288
252
600
651
325
761
505
906
193
902
506
451
22
839
376
683
228
416
459
589
811
936
792
749
305
139
26
163
967
791
21
814
928
475
203
692
237
568
596
994
132
41
870
811
914
573
875
9
445
798
244
792
641
78
742
122
152
388
735
702
690
664
398
250
750
393
452
961
144
417
165
730
767
470
785
118
818
547
723
925
88
885
686
616
565
779
460
67
836
446
448
561
454
879
497
376
485
769
504
551
901
140
903
486
83
620
833
796
246
905
321
285
476
109
639
671
719
341
908
216
246
291
710
650
70
681
370
319
567
888
455
68
194
10
412
794
31
600
884
625
137
190
743
711
647
559
858
972
765
376
698
830
233
795
638
902
324
474
355
276
899
888
354
160
395
970
524
721
190
466
321
47
863
938
467
532
830
56
32
206
369
6
180
406
528
92
45
315
924
275
738
103
520
809
945
725
219
533
257
99
651
784
645
572
19
321
335
642
85
189
596
70
876
362
817
967
855
876
439
286
1000
80
914
493
667
719
56
305
863
513
719
552
967
922
31
348
950
503
80
426
874
266
179
570
128
942
248
66
481
821
238
604
981
190
446
126
113
994
857
56
325
477
734
180
676
23
30
983
523
406
727
16
558
594
16
510
793
644
400
375
587
59
842
737
842
122
489
436
451
137
151
846
93
570
80
736
174
3
415
940
293
291
619
687
456
477
960
870
236
842
254
470
868
937
536
844
666
56
343
297
74
796
78
48
128
837
271
525
18
433
823
938
349
222
106
584
470
202
272
564
787
611
144
604
631
238
80
881
403
900
366
639
866
674
919
839
896
455
598
119
519
503
23
276
460
607
562
526
470
920
335
834
175
662
516
669
949
941
449
92
560
234
312
376
232
465
214
750
202
420
414
535
848
688
731
933
101
500
459
40
31
922
318
301
776
612
116
756
390
437
553
960
254
670
424
336
362
915
637
654
823
62
170
680
654
775
830
107
49
246
608
590
122
665
39
817
80
308
953
921
972
806
580
582
724
332
606
596
360
1000
619
189
613
117
823
756
695
617
41
609
442
152
469
749
532
409
292
172
110
268
565
219
811
915
873
608
828
203
407
716
330
113
792
598
504
976
347
392
319
493
151
322
615
318
592
741
840
573
715
449
441
346
99
793
886
923
510
594
265
797
427
306
937
730
857
292
928
822
340
537
215
748
657
45
79
55
916
589
312
940
914
702
400
530
161
129
411
758
28
686
932
811
801
849
479
348
964
833
638
21
862
691
910
3
710
277
214
969
12
721
840
645
409
356
937
148
594
942
35
913
860
826
305
228
441
343
257
342
739
30
12
519
358
918
555
149
984
213
636
593
446
916
999
20
865
471
387
401
126
381
373
360
996
466
468
926
901
114
584
708
622
704
562
182
484
177
504
289
112
890
330
125
786
10
660
560
49
179
566
750
695
961
188
915
38
697
714
341
887
884
504
693
356
87
999
34
895
388
319
233
354
303
510
382
137
431
132
283
655
511
57
825
7
868
101
664
712
628
7
414
932
299
424
598
86
687
468
436
907
386
482
499
183
750
665
913
621
881
208
883
651
663
991
774
781
692
407
230
619
987
745
282
56
585
68
225
58
358
195
661
467
54
565
829
755
236
766
680
832
609
160
699
61
258
628
726
585
699
487
638
602
651
8
727
846
357
187
16
440
783
858
646
446
99
212
381
442
632
254
598
114
351
775
583
265
120
930
515
142
996
427
276
775
614
257
425
472
427
939
76
304
599
26
694
592
214
469
557
571
502
529
680
185
648
445
268
136
287
83
327
984
479
440
689
109
265
931
970
487
976
850
481
481
876
839
196
3
695
175
876
359
398
707
678
733
278
137
929
842
916
44
897
670
437
389
8
750
719
164
995
2
125
877
323
918
328
775
937
175
731
952
312
160
973
943
738
465
322
455
279
126
726
287
635
876
658
858
545
619
18
8
208
530
401
694
369
969
765
99
393
816
520
908
464
421
963
5
790
289
910
693
530
937
477
838
269
95
219
168
568
370
330
595
350
894
399
88
925
602
76
371
638
159
153
663
356
331
208
941
571
909
785
19
76
607
320
958
742
995
631
857
416
501
684
534
479
936
165
966
764
876
884
102
912
309
745
182
699
757
764
794
279
642
698
557
326
187
195
41
413
866
994
384
239
556
411
610
50
790
516
828
777
316
911
457
916
80
463
139
274
683
95
175
553
40
437
203
701
261
924
46
276
841
212
608
488
89
952
723
783
733
784
762
261
644
684
13
616
947
191
872
126
188
361
307
535
146
112
244
984
920
916
362
861
777
624
951
414
651
844
80
481
543
36
200
105
124
882
150
227
104
603
246
105
641
142
819
418
293
63
101
283
129
372
35
503
917
19
200
730
529
855
424
86
662
373
802
583
708
234
666
77
828
358
64
383
264
899
485
907
49
223
994
94
498
800
941
72
309
823
756
455
416
363
443
385
316
373
364
817
731
467
538
549
985
249
932
159
96
816
817
810
345
730
697
623
141
658
196
410
171
824
714
816
363
947
806
142
281
640
168
370
710
977
725
879
175
738
380
386
831
733
194
912
23
287
364
881
463
43
414
602
491
483
473
860
295
375
614
282
736
562
108
198
395
925
558
361
599
849
55
898
426
295
339
463
116
281
123
708
90
803
716
191
786
201
908
356
413
55
452
844
789
343
408
861
537
652
799
844
592
366
290
296
595
714
4
27
873
478
801
427
561
109
404
663
814
464
545
218
632
306
658
950
903
402
319
314
133
1
924
688
596
430
191
900
951
309
333
119
242
433
300
127
269
228
138
555
174
427
104
169
727
398
804
853
367
393
599
58
466
250
311
502
999
682
627
878
241
170
807
522
85
960
560
343
974
790
109
219
926
429
231
158
550
866
357
198
307
929
496
223
878
180
202
924
152
257
659
630
106
816
444
49
826
664
745
409
261
759
272
699
990
921
43
839
82
215
689
67
506
5
398
80
708
303
454
917
501
78
986
953
606
175
15
803
433
207
507
624
73
677
816
764
876
486
418
104
695
351
349
385
119
980
236
679
496
942
456
405
971
124
975
569
56
16
463
223
238
912
937
477
832
392
83
92
206
722
788
386
215
231
642
346
872
120
823
760
347
944
551
985
72
948
360
31
113
23
844
29
615
713
485
283
476
941
510
620
663
771
337
2
34
694
430
811
178
211
93
234
884
324
709
789
773
337
980
277
609
196
995
145
638
870
72
855
920
423
317
995
776
675
747
948
685
865
756
189
845
912
38
781
381
649
865
638
531
192
613
868
468
47
124
280
870
940
131
645
685
101
769
287
373
889
26
181
715
606
963
74
738
89
342
76
969
864
772
153
479
96
756
347
934
769
743
652
129
249
90
721
835
772
910
781
385
424
926
227
291
776
295
971
188
983
175
210
828
166
735
353
231
425
958
456
573
90
402
760
861
471
190
565
168
65
427
924
726
300
549
180
562
273
747
9
672
358
925
524
612
616
287
300
474
124
304
892
640
75
297
424
222
240
553
640
909
394
292
716
941
647
289
17
928
295
579
869
712
200
543
448
131
100
388
930
949
988
842
230
474
110
829
29
701
845
699
39
710
209
466
403
198
207
613
158
97
829
265
729
643
45
446
107
219
440
856
103
23
629
84
209
312
364
888
355
34
289
426
396
763
354
92
5
233
221
28
324
920
822
686
409
685
592
909
616
483
588
948
540
246
591
167
17
730
918
502
138
900
962
945
902
547
83
246
372
448
18
740
384
858
686
755
821
533
487
852
879
431
172
777
500
980
6
691
711
930
356
867
77
504
675
145
320
588
302
304
909
666
491
345
574
907
228
208
148
392
704
565
150
612
118
749
240
277
350
370
573
747
188
690
222
950
110
330
810
854
715
575
865
97
426
861
780
843
865
602
891
675
431
448
359
530
884
872
484
830
343
288
747
374
500
35
225
190
398
513
477
279
861
516
326
889
144
398
172
919
730
404
63
954
486
491
863
458
859
155
684
389
3
961
537
788
443
299
799
901
313
201
297
402
460
497
813
243
289
621
55
780
606
864
485
619
602
460
655
765
255
941
347
395
987
464
514
560
709
906
37
123
595
944
509
160
646
63
837
91
531
574
294
885
304
118
692
238
173
804
78
385
203
448
664
862
519
960
138
361
927
703
133
946
960
777
853
559
218
188
885
696
585
30
726
702
390
897
176
727
328
12
292
556
884
794
827
952
443
538
134
892
793
41
980
329
218
922
800
873
226
465
985
291
936
486
424
315
764
432
548
676
918
438
321
459
963
64
688
634
107
857
687
573
979
152
100
226
271
922
188
213
328
113
56
583
921
443
396
895
962
831
416
721
292
349
18
476
634
312
953
615
1
342
720
256
371
497
239
716
783
885
783
491
221
479
356
718
993
991
396
703
754
588
35
535
362
90
751
680
325
495
331
816
372
409
742
653
381
848
481
1000
273
518
365
758
114
740
331
434
47
574
962
941
860
150
114
511
534
384
937
510
353
206
583
703
610
710
290
571
939
542
247
84
613
62
134
575
624
369
448
968
203
211
539
645
639
957
578
68
849
960
28
990
312
253
163
194
640
108
585
912
582
178
717
270
717
163
203
396
121
616
325
113
949
569
613
791
566
793
861
543
762
140
295
416
413
863
548
37
158
966
705
984
727
561
819
527
262
616
397
805
896
252
422
259
259
791
346
305
351
564
33
484
723
160
957
884
770
725
578
248
945
709
596
993
821
549
15
894
39
716
598
113
999
478
434
74
520
444
887
425
466
103
668
531
802
40
247
581
392
762
328
842
203
768
3
295
893
800
261
934
373
347
756
238
70
97
385
414
719
259
535
177
813
377
396
782
589
668
989
477
953
951
737
324
41
459
284
943
771
900
980
858
901
10
191
548
33
357
269
745
615
401
412
415
16
347
10
721
645
636
483
567
234
588
179
352
787
476
905
889
857
870
278
212
512
251
178
745
467
440
286
807
791
826
579
444
287
255
349
407
657
512
151
439
148
534
79
32
571
762
509
145
99
354
428
59
892
326
142
139
404
789
630
420
131
147
286
944
4
211
949
345
758
127
182
304
362
489
801
862
959
344
208
972
33
521
603
991
872
262
605
522
102
326
658
118
22
708
655
242
538
217
331
291
174
181
272
390
603
23
872
581
359
594
474
914
170
573
90
654
279
209
8
656
775
176
281
988
772
97
946
838
380
417
639
249
438
899
1000
890
976
785
664
35
489
237
791
21
985
811
121
935
476
267
749
487
45
191
635
666
459
118
237
750
940
866
643
903
54
570
997
150
736
162
296
405
113
155
442
500
216
953
479
925
287
586
380
781
632
787
416
828
411
867
314
237
915
661
539
415
183
929
404
139
926
63
832
127
76
476
913
328
263
731
961
757
207
403
267
796
952
269
731
692
479
653
447
148
994
808
381
423
317
668
210
473
453
958
231
197
819
970
960
658
363
414
291
843
480
878
872
491
267
848
587
119
232
90
47
846
23
740
855
795
597
531
93
130
868
829
815
924
829
846
706
81
610
190
90
790
85
462
450
28
802
100
373
475
169
451
844
61
90
893
964
876
537
717
23
167
441
506
337
510
115
955
464
84
189
115
372
594
419
522
466
274
120
157
458
988
682
499
587
247
963
362
124
901
701
242
222
865
296
842
733
708
555
472
518
799
427
920
880
848
264
662
545
686
9
273
676
257
150
817
141
388
510
264
438
691
155
137
108
475
631
177
871
680
663
199
852
664
721
259
423
637
786
343
580
764
353
187
907
31
41
373
420
899
838
805
857
824
576
231
896
216
234
5
74
397
828
61
382
239
562
587
26
286
460
918
221
363
957
483
546
483
332
333
847
112
606
796
237
915
441
383
754
912
213
426
17
371
860
888
736
873
565
10
29
292
350
287
455
15
384
557
102
875
539
166
699
795
77
436
439
501
147
287
212
580
39
249
93
327
462
292
94
644
154
159
920
323
316
304
926
489
281
899
840
994
185
188
160
893
562
876
800
185
291
523
373
198
439
303
581
188
425
155
694
397
248
486
461
749
683
742
547
433
339
891
190
374
433
905
298
581
535
689
202
5
889
61
447
246
775
330
107
53
886
77
478
532
870
566
272
764
672
8
41
150
887
815
288
750
352
734
721
275
399
904
209
720
435
819
869
907
59
92
315
339
145
279
2
563
796
800
509
552
123
315
909
721
906
362
889
710
249
827
718
145
626
277
372
947
684
394
590
941
459
783
414
849
795
546
844
435
289
838
536
800
427
928
917
759
771
958
949
429
246
150
134
719
871
53
329
17
546
27
160
282
340
903
814
918
594
647
569
134
371
59
964
652
90
268
496
556
657
299
230
624
406
835
418
11
234
752
486
708
378
122
732
317
200
826
806
445
757
815
869
148
2
425
189
311
292
798
210
370
742
280
747
356
504
232
922
306
25
123
998
921
593
288
323
77
946
215
104
882
911
618
632
625
711
588
838
683
387
267
73
654
662
54
896
597
682
698
633
604
465
244
977
456
341
712
402
281
663
753
102
490
346
402
151
731
235
604
189
57
498
789
641
368
32
490
331
253
146
411
270
978
210
338
309
526
745
63
350
431
475
623
305
331
163
882
761
794
982
14
506
664
273
564
546
974
970
947
995
327
419
216
778
530
42
509
53
788
603
201
752
216
862
794
784
498
497
690
991
360
235
816
414
691
510
503
248
97
723
116
415
955
303
620
695
591
771
109
207
977
301
117
916
654
696
526
347
78
9
768
483
954
893
654
883
183
778
454
349
532
382
344
767
382
796
802
397
818
362
840
804
786
196
814
186
742
828
602
964
56
784
860
524
767
868
70
916
643
363
215
189
56
13
654
435
822
959
116
710
318
611
894
789
996
186
283
961
344
601
303
720
186
347
162
681
785
530
121
358
81
90
407
311
168
245
601
250
632
240
833
119
990
162
529
313
292
898
230
417
394
658
357
401
717
350
621
27
94
358
111
611
549
590
116
262
354
542
526
32
488
355
822
559
965
94
6
713
64
982
870
730
849
791
26
808
445
374
899
491
550
398
265
415
654
886
68
700
851
888
504
901
771
194
621
196
291
293
147
248
960
560
75
821
616
587
352
46
152
199
139
128
374
914
705
267
944
976
271
489
995
252
703
447
676
822
871
411
944
693
205
555
335
19
109
743
766
779
507
981
264
965
608
584
934
553
233
879
889
304
250
496
633
994
807
724
426
534
361
393
204
476
554
45
795
531
95
506
752
272
618
854
70
68
251
660
432
473
82
208
552
334
875
281
23
539
174
407
300
455
369
445
345
331
463
798
534
772
924
881
396
112
339
169
787
288
403
710
899
853
317
498
958
480
246
116
133
796
478
780
362
102
26
271
719
688
431
953
911
324
628
269
999
581
559
847
697
107
182
734
362
987
517
630
395
528
802
36
744
881
375
732
439
500
1000
294
511
896
306
102
205
56
527
654
569
280
679
781
172
663
135
923
317
255
961
778
610
578
636
652
862
176
145
36
254
247
578
692
134
223
901
986
234
990
486
869
552
304
546
331
530
807
40
969
3
285
891
613
19
967
172
932
507
423
560
995
160
198
859
706
780
601
16
259
768
259
380
291
124
2
762
659
957
596
957
874
502
221
582
458
579
670
70
903
907
679
904
849
906
648
667
934
22
827
792
646
133
774
991
805
643
75
742
398
655
195
396
106
927
570
709
277
746
76
759
327
237
575
87
335
855
985
736
358
77
907
709
143
998
201
752
102
33
697
506
380
822
700
650
226
574
292
480
717
458
83
690
831
277
624
363
739
675
306
626
176
443
762
971
766
254
278
14
183
341
663
18
678
758
839
313
64
754
627
294
690
145
322
862
127
550
775
997
143
850
759
107
756
965
617
690
136
382
283
88
140
178
229
900
834
184
911
55
589
475
256
492
145
6
526
741
880
425
576
733
755
494
884
137
219
990
94
54
748
168
709
815
729
938
295
21
850
521
342
701
377
63
431
278
977
606
766
441
704
586
175
989
399
877
186
54
639
209
32
255
828
41
28
207
425
123
8
565
913
333
695
365
364
485
266
25
786
34
345
336
684
475
727
439
691
370
721
371
443
785
669
980
491
587
967
486
713
106
817
406
973
71
349
49
380
281
115
832
655
8
525
337
61
846
301
250
556
663
215
286
368
624
320
487
749
176
886
628
814
503
992
557
571
415
141
982
176
790
301
161
70
187
316
530
618
143
294
611
409
768
319
107
83
271
665
100
466
79
857
605
362
499
333
937
392
670
937
873
340
266
220
616
58
275
932
914
844
882
541
25
341
557
164
661
721
889
225
473
126
63
250
747
846
429
613
749
924
234
117
385
162
286
765
569
423
380
31
837
55
940
841
141
17
880
41
680
196
645
188
818
872
779
403
867
273
943
426
720
201
724
689
939
742
115
104
675
694
414
77
445
109
101
1
537
566
685
73
879
901
71
679
488
166
534
147
791
663
132
384
75
109
235
506
507
648
835
328
8
259
230
507
789
190
779
164
43
77
405
377
736
180
666
715
33
98
399
678
344
663
124
401
170
662
993
915
818
609
276
667
93
421
858
848
767
936
719
664
289
142
279
488
314
771
508
12
625
312
426
108
780
722
887
804
69
192
418
136
46
287
693
47
513
416
584
604
112
935
719
183
60
118
590
159
245
766
355
784
961
634
820
111
577
23
491
455
641
304
14
433
597
642
712
680
208
910
391
117
131
440
240
245
98
172
548
849
274
833
736
646
594
611
452
627
267
742
22
925
24
108
573
869
493
39
214
582
760
174
311
819
733
464
523
601
926
163
475
157
581
56
306
739
965
7
928
575
72
932
984
892
620
866
657
683
551
900
453
887
535
1000
683
485
69
673
839
131
867
85
637
174
418
681
778
669
386
926
51
356
148
13
308
462
580
373
645
4
280
24
815
991
891
440
224
662
523
355
964
528
241
662
862
110
36
11
964
764
38
130
121
859
228
981
34
558
184
955
556
492
142
165
784
485
798
830
621
124
197
635
766
181
628
960
944
830
174
4
591
307
979
373
531
969
192
783
790
482
607
674
993
603
533
293
991
164
271
876
651
107
467
294
763
864
27
885
400
560
237
210
962
525
238
801
920
280
82
120
14
980
819
125
875
645
741
27
890
986
683
231
470
142
565
615
885
374
170
237
685
678
73
446
225
885
462
449
180
558
899
879
809
429
633
800
768
423
1000
122
67
625
930
795
262
747
103
373
112
961
455
137
144
60
478
455
189
808
377
76
782
126
505
447
436
979
149
188
655
593
465
126
411
575
717
677
54
726
17
479
465
166
433
42
270
170
323
412
757
234
58
314
350
902
935
177
24
918
232
218
514
948
806
124
647
580
39
403
387
150
211
488
859
276
780
632
736
408
347
981
436
747
149
811
818
783
39
479
31
37
459
359
226
657
952
739
815
429
483
743
651
47
17
483
978
838
571
351
926
442
568
893
170
730
676
113
177
3
463
110
962
31
463
849
97
697
235
968
531
658
530
546
182
212
392
30
24
208
372
758
73
120
391
106
785
864
904
440
24
103
295
807
103
224
192
31
893
662
957
311
772
209
622
958
370
80
919
976
806
345
977
183
631
477
45
735
955
14
517
911
510
506
375
677
965
168
51
450
867
987
124
897
726
52
432
739
898
167
443
239
69
882
579
497
735
128
471
276
943
766
487
565
637
584
73
586
726
504
777
404
191
887
726
758
909
385
382
205
769
478
211
546
871
467
999
202
911
228
136
947
503
147
727
294
215
665
798
989
142
435
552
122
398
389
72
707
260
747
323
847
307
630
736
78
143
608
310
912
487
201
474
80
171
268
688
692
612
708
334
676
733
385
516
15
862
542
651
643
991
928
209
646
643
943
424
52
92
836
4
284
489
81
856
694
114
90
862
518
923
166
78
488
668
83
774
536
244
365
934
656
904
743
725
293
932
185
570
882
461
358
12
321
214
684
198
268
129
874
917
112
142
407
519
528
456
2
31
953
365
154
469
283
614
740
295
249
904
346
882
477
261
246
114
247
606
950
64
785
125
814
977
686
769
936
551
88
195
776
213
922
297
258
269
62
707
677
18
480
83
696
845
220
697
482
91
273
794
1
157
250
712
334
195
417
426
907
116
717
303
39
489
154
224
244
486
744
66
602
717
330
362
38
613
786
951
696
11
83
925
864
104
965
506
545
688
88
570
36
180
111
679
517
490
323
506
110
806
201
250
579
573
565
771
530
579
604
473
617
343
684
53
900
566
651
573
951
877
403
626
438
407
368
499
758
307
767
494
790
656
748
592
778
707
594
565
324
403
71
870
836
446
382
55
69
854
974
318
126
913
763
297
217
935
235
663
575
135
926
983
128
560
599
543
720
764
76
262
398
724
692
809
924
389
398
19
567
95
723
787
777
722
1000
425
463
409
337
658
505
323
601
916
941
635
566
507
38
795
706
57
805
139
700
689
237
656
916
676
621
424
878
604
149
913
208
516
793
804
518
404
192
4
779
909
426
836
837
699
2
715
36
952
941
649
802
607
489
459
28
722
953
100
754
37
985
799
643
460
369
570
253
611
461
194
904
8
817
588
524
347
424
447
97
449
512
692
699
157
375
817
279
910
428
128
699
86
752
381
415
238
909
123
616
152
845
655
913
852
302
731
879
25
30
243
451
89
426
219
442
894
633
488
898
477
675
778
922
236
268
849
271
483
918
840
207
852
766
565
184
509
590
620
470
833
779
625
78
202
643
249
748
628
590
399
942
52
833
116
697
367
459
121
514
379
608
516
87
900
495
877
205
33
261
926
235
340
578
706
91
382
721
293
28
230
164
176
278
923
649
501
148
229
464
731
235
85
587
963
88
80
861
915
698
163
335
436
782
756
651
194
690
489
965
184
878
546
324
325
707
462
997
882
630
628
214
93
813
223
762
393
96
750
561
477
46
729
751
113
306
235
484
119
194
26
900
490
345
878
703
590
81
98
172
212
295
457
708
875
787
191
138
960
86
682
661
378
724
705
267
94
219
629
857
406
531
179
942
2
931
559
895
324
536
805
916
797
320
560
631
792
162
469
213
412
36
734
643
308
822
323
80
372
769
637
421
959
823
201
751
308
127
533
682
813
77
87
19
949
676
651
384
511
945
78
458
63
184
559
211
148
565
498
270
837
548
839
604
448
435
541
849
420
632
774
216
290
87
643
13
453
939
773
495
357
936
346
322
162
16
920
806
44
764
529
749
722
115
356
828
591
42
788
234
640
920
78
332
113
627
463
670
379
132
97
539
92
34
274
365
445
780
593
264
985
536
119
39
476
